
============================================================================================================================================
TABLE: CALCULATION ACCURACY - HCLPSO-OC (D=50)
Population: N=40 | Runs: 51 | MaxFE: 500000 | εtol: 30.000000%
============================================================================================================================================
Function                  Mean               Std            Median              Best             Worst
--------------------------------------------------------------------------------------------------------------------------------------------
F1                  6.9619e+08        1.5550e+09        3.1651e+04        3.9707e+03        9.2268e+09
F3                  3.1942e+05        3.2722e+05        2.5365e+05        1.3935e+05        2.4376e+06
F4                  3.0440e+02        1.2097e+02        2.6814e+02        1.3262e+02        7.0256e+02
F5                  3.1984e+02        6.0027e+01        3.0655e+02        2.0742e+02        4.9235e+02
F6                  2.8030e+00        2.6811e+00        1.8558e+00        8.9607e-03        1.2803e+01
F7                  2.5407e+02        1.1192e+02        2.1520e+02        1.3878e+02        6.9139e+02
F8                  2.9670e+02        7.0327e+01        2.9522e+02        1.5772e+02        4.7826e+02
F9                  1.9007e+03        2.7111e+03        7.3123e+02        4.1764e+01        1.0336e+04
F10                 9.0071e+03        1.2988e+03        8.8791e+03        6.9078e+03        1.2161e+04
F11                 3.8697e+02        2.9287e+02        3.0997e+02        1.7512e+02        2.2520e+03
F12                 5.3289e+08        1.2236e+09        6.6936e+07        2.7441e+06        6.3032e+09
F13                 6.5334e+07        4.1164e+08        6.3348e+04        2.8609e+04        2.9658e+09
F14                 2.3337e+05        1.7517e+05        2.4407e+05        2.1886e+04        8.9354e+05
F15                 1.8634e+05        9.9376e+05        3.7602e+04        1.8721e+04        7.2106e+06
F16                 2.1405e+03        4.2408e+02        2.0930e+03        1.2087e+03        3.1834e+03
F17                 1.6315e+03        3.7077e+02        1.6346e+03        1.0010e+03        2.8976e+03
F18                 1.3736e+06        1.4053e+06        1.0742e+06        2.2355e+05        9.3103e+06
F19                 6.9786e+05        1.6506e+06        4.2655e+04        2.5209e+03        4.9944e+06
F20                 1.3074e+03        3.2844e+02        1.2721e+03        5.4811e+02        2.1341e+03
F21                 5.1777e+02        5.7054e+01        5.1184e+02        3.6217e+02        6.7405e+02
F22                 9.0997e+03        1.3182e+03        9.1079e+03        6.4422e+03        1.2632e+04
F23                 8.3207e+02        6.8305e+01        8.3882e+02        6.1347e+02        9.6643e+02
F24                 8.9134e+02        8.0403e+01        8.7728e+02        6.9103e+02        1.1131e+03
F25                 5.8485e+02        1.0937e+02        5.4813e+02        4.8041e+02        1.1102e+03
F26                 5.1958e+03        6.5148e+02        5.1588e+03        3.5076e+03        6.9790e+03
F27                 9.3903e+02        1.3214e+02        9.6608e+02        6.2632e+02        1.1907e+03
F28                 5.2594e+03        1.9718e+03        6.1039e+03        5.5801e+02        7.8022e+03
F29                 2.4233e+03        5.6836e+02        2.4857e+03        1.1201e+03        3.9224e+03
F30                 1.0790e+07        2.2865e+07        5.2536e+06        2.1975e+06        1.2884e+08
--------------------------------------------------------------------------------------------------------------------------------------------

OVERALL STATISTICS:
Average Mean Error: 4.5105e+07
============================================================================================================================================
