
============================================================================================================================================
TABLE: CALCULATION ACCURACY - HCLPSO-DC (D=50)
Population: N=40 | Runs: 51 | MaxFE: 500000 | εtol: 30.000000%
============================================================================================================================================
Function                  Mean               Std            Median              Best             Worst
--------------------------------------------------------------------------------------------------------------------------------------------
F1                  1.9789e+08        4.3362e+08        9.8313e+03        2.4112e+03        1.9970e+09
F3                  2.6782e+05        5.8724e+04        2.5470e+05        1.3794e+05        4.5065e+05
F4                  2.7480e+02        9.3173e+01        2.2811e+02        1.7706e+02        5.4210e+02
F5                  3.0891e+02        7.2554e+01        2.9635e+02        1.8117e+02        5.2816e+02
F6                  1.1464e+00        8.7069e-01        9.7079e-01        4.1037e-02        3.3016e+00
F7                  2.4955e+02        1.3972e+02        2.1435e+02        1.0638e+02        8.3698e+02
F8                  3.0124e+02        5.1698e+01        2.9437e+02        2.0947e+02        4.4674e+02
F9                  1.0566e+03        2.9522e+03        5.0078e+02        9.5991e+00        2.1275e+04
F10                 8.8797e+03        1.3721e+03        9.1534e+03        5.3494e+03        1.1307e+04
F11                 3.1272e+02        1.9418e+02        2.6106e+02        6.6108e+01        9.8602e+02
F12                 1.9436e+08        4.0433e+08        2.3951e+07        6.9815e+05        1.9592e+09
F13                 1.0542e+08        4.8202e+08        7.1234e+04        2.8327e+04        2.9667e+09
F14                 1.7352e+05        9.3154e+04        1.4692e+05        3.9108e+04        4.8854e+05
F15                 2.5243e+04        7.3672e+03        2.1802e+04        1.8521e+04        4.8816e+04
F16                 1.9683e+03        4.5529e+02        1.9676e+03        7.0448e+02        3.3855e+03
F17                 1.7163e+03        3.6722e+02        1.6885e+03        6.7634e+02        2.6090e+03
F18                 2.0084e+06        2.5173e+06        9.9206e+05        2.0113e+05        1.0737e+07
F19                 4.2569e+04        1.4004e+04        4.2654e+04        2.7054e+03        1.1779e+05
F20                 1.2517e+03        2.4750e+02        1.2718e+03        7.4829e+02        1.7502e+03
F21                 5.0565e+02        6.1893e+01        5.0173e+02        3.6775e+02        6.8796e+02
F22                 9.2076e+03        1.7065e+03        9.3068e+03        4.1139e+02        1.1731e+04
F23                 8.6622e+02        7.9287e+01        8.7002e+02        7.2666e+02        1.0988e+03
F24                 1.0597e+03        1.3378e+02        1.0734e+03        7.4944e+02        1.3752e+03
F25                 5.5214e+02        5.0833e+01        5.3636e+02        4.7622e+02        6.8538e+02
F26                 5.9370e+03        8.5310e+02        5.9424e+03        4.4572e+03        7.8079e+03
F27                 1.0391e+03        1.6380e+02        1.0322e+03        6.7152e+02        1.4301e+03
F28                 5.4302e+03        1.9823e+03        6.0841e+03        5.0775e+02        7.7239e+03
F29                 2.5278e+03        4.1826e+02        2.5199e+03        1.5204e+03        3.8661e+03
F30                 7.4532e+06        1.6062e+07        4.7537e+06        1.9960e+06        1.1984e+08
--------------------------------------------------------------------------------------------------------------------------------------------

OVERALL STATISTICS:
Average Mean Error: 1.7506e+07
============================================================================================================================================
