
============================================================================================================================================
TABLE: CALCULATION ACCURACY - HCLPSO-DC (D=100)
Population: N=40 | Runs: 51 | MaxFE: 1000000 | εtol: 40.000000%
============================================================================================================================================
Function                  Mean               Std            Median              Best             Worst
--------------------------------------------------------------------------------------------------------------------------------------------
F1                  3.0435e+09        3.1340e+09        2.2221e+09        5.0026e+03        1.1816e+10
F3                  1.0242e+06        2.7076e+05        9.4859e+05        6.1793e+05        1.8462e+06
F4                  1.1718e+03        7.5935e+02        8.3995e+02        4.2084e+02        3.7679e+03
F5                  7.7748e+02        1.6376e+02        7.3970e+02        5.0538e+02        1.2221e+03
F6                  4.4010e+00        2.0434e+00        4.0304e+00        1.0400e+00        1.1489e+01
F7                  5.0747e+02        1.1897e+02        4.9329e+02        2.9455e+02        9.2996e+02
F8                  7.7854e+02        1.6058e+02        7.4652e+02        5.0078e+02        1.2603e+03
F9                  8.6449e+03        1.3867e+04        2.3011e+03        6.5829e+02        5.6400e+04
F10                 2.1014e+04        2.6470e+03        2.0805e+04        1.5077e+04        2.5556e+04
F11                 2.5033e+03        1.9298e+03        1.9897e+03        1.2645e+03        1.2814e+04
F12                 3.3590e+09        2.6230e+09        2.6750e+09        1.3824e+08        1.3424e+10
F13                 3.2840e+08        5.0986e+08        1.9046e+08        4.1246e+04        2.7201e+09
F14                 4.8568e+06        3.4058e+06        4.6824e+06        1.1603e+05        1.6242e+07
F15                 2.1998e+08        4.1503e+08        8.2839e+04        1.6261e+04        1.2778e+09
F16                 5.7158e+03        7.8300e+02        5.7406e+03        4.0763e+03        7.4703e+03
F17                 4.8903e+03        7.7507e+02        4.7458e+03        3.6825e+03        7.0684e+03
F18                 1.0305e+07        6.9921e+06        8.4855e+06        5.7644e+05        3.2266e+07
F19                 1.8638e+08        4.3573e+08        1.0889e+06        1.3338e+04        2.6326e+09
F20                 3.8624e+03        6.0929e+02        3.8638e+03        2.5705e+03        5.0547e+03
F21                 1.1036e+03        1.7443e+02        1.0745e+03        7.5378e+02        1.5790e+03
F22                 2.2243e+04        2.3228e+03        2.2426e+04        1.7388e+04        2.5847e+04
F23                 1.7073e+03        1.9693e+02        1.6688e+03        1.3695e+03        2.2165e+03
F24                 3.0873e+03        4.0310e+02        3.0353e+03        2.3021e+03        4.0464e+03
F25                 9.1026e+02        1.5322e+02        8.8442e+02        6.6550e+02        1.5100e+03
F26                 1.8887e+04        2.3406e+03        1.8420e+04        1.4567e+04        2.5535e+04
F27                 1.4953e+03        3.2814e+02        1.4756e+03        9.7268e+02        2.5578e+03
F28                 1.9411e+04        2.3489e+03        1.9300e+04        1.2425e+04        2.5061e+04
F29                 4.9043e+03        6.6690e+02        4.9685e+03        3.0314e+03        6.1086e+03
F30                 5.0392e+08        7.9097e+08        1.4195e+08        4.1003e+05        2.8121e+09
--------------------------------------------------------------------------------------------------------------------------------------------

OVERALL STATISTICS:
Average Mean Error: 2.6405e+08
============================================================================================================================================
