
============================================================================================================================================
TABLE: CALCULATION ACCURACY - HCLPSO-OC (D=100)
Population: N=40 | Runs: 51 | MaxFE: 1000000 | εtol: 40.000000%
============================================================================================================================================
Function                  Mean               Std            Median              Best             Worst
--------------------------------------------------------------------------------------------------------------------------------------------
F1                  8.0729e+09        6.0583e+09        6.5359e+09        8.9053e+04        2.7244e+10
F3                  3.7392e+06        1.6609e+07        9.1448e+05        6.1387e+05        1.2068e+08
F4                  1.5379e+03        1.3044e+03        1.1472e+03        4.5560e+02        7.4551e+03
F5                  8.2217e+02        1.6319e+02        7.7620e+02        5.4787e+02        1.1612e+03
F6                  6.4855e+00        3.6165e+00        6.1547e+00        1.4667e+00        2.2883e+01
F7                  6.7053e+02        2.4782e+02        6.3449e+02        2.9263e+02        1.5412e+03
F8                  8.4350e+02        1.8856e+02        8.0073e+02        5.5042e+02        1.2915e+03
F9                  3.3175e+04        1.7306e+04        3.8244e+04        1.9613e+03        5.7144e+04
F10                 2.0728e+04        2.8018e+03        2.0769e+04        1.4416e+04        2.6414e+04
F11                 2.4802e+03        1.2266e+03        2.2556e+03        1.1391e+03        9.3284e+03
F12                 3.7694e+09        3.1780e+09        2.6399e+09        1.7009e+08        1.2701e+10
F13                 2.3340e+08        4.0054e+08        8.1435e+06        5.2810e+04        2.1481e+09
F14                 5.4577e+06        5.3831e+06        3.2016e+06        4.6578e+05        2.7566e+07
F15                 6.7313e+07        2.2645e+08        4.3328e+04        9.6027e+03        1.1335e+09
F16                 5.7105e+03        7.3255e+02        5.7033e+03        3.6825e+03        7.1035e+03
F17                 4.9911e+03        6.8214e+02        4.8677e+03        3.7961e+03        6.7659e+03
F18                 6.3964e+06        5.4313e+06        4.8067e+06        1.0772e+06        3.4456e+07
F19                 5.5380e+07        2.0659e+08        1.0519e+06        1.4027e+04        1.3561e+09
F20                 3.8238e+03        5.9067e+02        3.8530e+03        2.5734e+03        5.0608e+03
F21                 1.1469e+03        1.9519e+02        1.1181e+03        8.0045e+02        1.7768e+03
F22                 2.1546e+04        2.5751e+03        2.1108e+04        1.5644e+04        2.7081e+04
F23                 1.5027e+03        1.2909e+02        1.5052e+03        1.2466e+03        1.8323e+03
F24                 2.4935e+03        2.5254e+02        2.4909e+03        1.8674e+03        3.0913e+03
F25                 1.0337e+03        2.5083e+02        9.7166e+02        7.2201e+02        2.0447e+03
F26                 1.7932e+04        2.1856e+03        1.8070e+04        1.3899e+04        2.2168e+04
F27                 1.5060e+03        3.1823e+02        1.4154e+03        1.0989e+03        2.4854e+03
F28                 1.8482e+04        1.5496e+03        1.8232e+04        1.4897e+04        2.1700e+04
F29                 4.9922e+03        6.2974e+02        4.9814e+03        2.6691e+03        6.2772e+03
F30                 1.8461e+08        3.7899e+08        1.3703e+07        3.1172e+05        2.0567e+09
--------------------------------------------------------------------------------------------------------------------------------------------

OVERALL STATISTICS:
Average Mean Error: 4.2754e+08
============================================================================================================================================
