
============================================================================================================================================
TABLE: CALCULATION ACCURACY - HCLPSO-DC (D=30)
Population: N=40 | Runs: 51 | MaxFE: 300000 | εtol: 20.000000%
============================================================================================================================================
Function                  Mean               Std            Median              Best             Worst
--------------------------------------------------------------------------------------------------------------------------------------------
F1                  3.1037e+07        2.1940e+08        5.2826e+03        4.7879e+03        1.5824e+09
F3                  1.1730e+05        5.0948e+04        1.1633e+05        3.7855e+04        2.6310e+05
F4                  1.0517e+02        2.4976e+01        9.0314e+01        8.6318e+01        2.1206e+02
F5                  1.3515e+02        4.3326e+01        1.2854e+02        5.2733e+01        2.6770e+02
F6                  2.8794e-01        4.2599e-01        8.9499e-02        1.0817e-04        2.1914e+00
F7                  1.5009e+02        9.4083e+01        1.2250e+02        4.6176e+01        4.5240e+02
F8                  1.4920e+02        3.8934e+01        1.4041e+02        6.8836e+01        2.5918e+02
F9                  1.0701e+02        5.7181e+02        2.7025e+00        1.2847e-11        4.1167e+03
F10                 4.4133e+03        7.2176e+02        4.3410e+03        2.1830e+03        5.9342e+03
F11                 1.4742e+02        7.6053e+01        1.2815e+02        2.8616e+01        4.1496e+02
F12                 4.4592e+06        1.5312e+07        1.4580e+06        4.6984e+04        1.1003e+08
F13                 3.4021e+04        3.0940e+04        1.3115e+04        6.5465e+03        1.4801e+05
F14                 5.7563e+04        5.4327e+04        4.0752e+04        1.5320e+03        3.2009e+05
F15                 4.1052e+04        3.9750e+03        4.1619e+04        2.4101e+04        4.8432e+04
F16                 9.7526e+02        2.4848e+02        9.6626e+02        3.0593e+02        1.6446e+03
F17                 4.1016e+02        1.5129e+02        4.1334e+02        1.3919e+02        7.3502e+02
F18                 3.9385e+05        2.9661e+05        3.1271e+05        9.4336e+04        1.9676e+06
F19                 5.7535e+04        1.4660e+04        5.4590e+04        5.4235e+04        1.3022e+05
F20                 4.5825e+02        1.5553e+02        4.3101e+02        1.7003e+02        8.6181e+02
F21                 3.4453e+02        3.7504e+01        3.4416e+02        2.7775e+02        4.4456e+02
F22                 5.0708e+02        1.3618e+03        1.0000e+02        1.0000e+02        5.6604e+03
F23                 5.2043e+02        3.4879e+01        5.1491e+02        4.4707e+02        6.1513e+02
F24                 6.0435e+02        3.4469e+01        6.0110e+02        5.4612e+02        7.0648e+02
F25                 3.8865e+02        4.1392e+00        3.8802e+02        3.8678e+02        4.1761e+02
F26                 2.6338e+03        3.4872e+02        2.6731e+03        1.9034e+03        3.4170e+03
F27                 5.3654e+02        1.3497e+01        5.3424e+02        5.1399e+02        6.0349e+02
F28                 1.5003e+03        1.3780e+03        6.4751e+02        4.3124e+02        3.9141e+03
F29                 1.0430e+03        1.8575e+02        1.0534e+03        5.9877e+02        1.4075e+03
F30                 2.3937e+04        3.2919e+04        1.3426e+04        8.8479e+03        2.3947e+05
--------------------------------------------------------------------------------------------------------------------------------------------

OVERALL STATISTICS:
Average Mean Error: 1.2495e+06
============================================================================================================================================
