
============================================================================================================================================
TABLE: CALCULATION ACCURACY - HCLPSO-OC (D=30)
Population: N=40 | Runs: 51 | MaxFE: 300000 | εtol: 20.000000%
============================================================================================================================================
Function                  Mean               Std            Median              Best             Worst
--------------------------------------------------------------------------------------------------------------------------------------------
F1                  8.1728e+07        2.5789e+08        1.6945e+04        9.9549e+01        1.1841e+09
F3                  8.2425e+04        5.8538e+04        7.3722e+04        9.0905e+03        4.0884e+05
F4                  1.1703e+02        8.7901e+01        9.0314e+01        8.6318e+01        6.5514e+02
F5                  1.3659e+02        3.2902e+01        1.3365e+02        8.5115e+01        2.4208e+02
F6                  7.1500e-01        8.4775e-01        2.9826e-01        1.1723e-03        3.9771e+00
F7                  1.2134e+02        5.4067e+01        1.1100e+02        5.5218e+01        3.2658e+02
F8                  1.4594e+02        3.3481e+01        1.4902e+02        7.1361e+01        2.3771e+02
F9                  8.0544e+01        3.9502e+02        4.3575e+00        1.7906e-01        2.8498e+03
F10                 4.7142e+03        6.4779e+02        4.8317e+03        3.3738e+03        6.3580e+03
F11                 1.4241e+02        6.8265e+01        1.3821e+02        1.9034e+01        4.4208e+02
F12                 8.4925e+06        2.4365e+07        7.9468e+05        3.2785e+04        1.3025e+08
F13                 2.2386e+07        1.4698e+08        2.7369e+04        7.4181e+03        1.0593e+09
F14                 3.7651e+04        3.0388e+04        2.8295e+04        3.5305e+03        1.6086e+05
F15                 3.6729e+04        6.9815e+03        4.1490e+04        1.4843e+04        5.3309e+04
F16                 9.2225e+02        3.0001e+02        9.4462e+02        3.7941e+02        1.5276e+03
F17                 4.2856e+02        1.4027e+02        4.3230e+02        1.6829e+02        7.6758e+02
F18                 6.4158e+05        6.1942e+05        3.8410e+05        6.0555e+04        2.8210e+06
F19                 4.1622e+04        3.1984e+04        5.2291e+04        8.9309e+03        2.1241e+05
F20                 3.6618e+02        1.3941e+02        3.4951e+02        1.5985e+02        7.8124e+02
F21                 3.3598e+02        3.8170e+01        3.3347e+02        2.5748e+02        4.4697e+02
F22                 2.8383e+03        2.4495e+03        3.8682e+03        1.0000e+02        5.9934e+03
F23                 5.0571e+02        2.7426e+01        5.0474e+02        4.5807e+02        5.6847e+02
F24                 5.9873e+02        3.8425e+01        5.8818e+02        5.0708e+02        6.7594e+02
F25                 3.9927e+02        4.5104e+01        3.8868e+02        3.8682e+02        7.0088e+02
F26                 2.6532e+03        3.5300e+02        2.6543e+03        1.8613e+03        3.6829e+03
F27                 5.4711e+02        3.0897e+01        5.3999e+02        5.0675e+02        6.4787e+02
F28                 1.0287e+03        1.0266e+03        6.2540e+02        4.3905e+02        3.9039e+03
F29                 1.0109e+03        2.6310e+02        9.7480e+02        5.5243e+02        1.6569e+03
F30                 6.2305e+04        1.1237e+05        2.1944e+04        1.2145e+04        7.0050e+05
--------------------------------------------------------------------------------------------------------------------------------------------

OVERALL STATISTICS:
Average Mean Error: 3.9147e+06
============================================================================================================================================
