
============================================================================================================================================
TABLE: CALCULATION ACCURACY - HCLPSO-OC (D=10)
Population: N=40 | Runs: 51 | MaxFE: 100000 | εtol: 5.000000%
============================================================================================================================================
Function                  Mean               Std            Median              Best             Worst
--------------------------------------------------------------------------------------------------------------------------------------------
F1                  1.3822e+06        9.7122e+06        1.1494e+04        6.7249e+00        7.0058e+07
F3                  1.0176e-12        1.1458e-12        7.3896e-13        5.6843e-14        7.0486e-12
F4                  2.6863e+00        5.4427e+00        7.1365e-01        4.1487e-01        3.5028e+01
F5                  1.7475e+01        7.2343e+00        1.5919e+01        6.9647e+00        3.3663e+01
F6                  5.3976e-06        2.1627e-05        9.7175e-08        1.0516e-10        1.4924e-04
F7                  2.2512e+01        5.2759e+00        2.2348e+01        1.2976e+01        3.9002e+01
F8                  1.9480e+01        8.3604e+00        1.7455e+01        5.9697e+00        4.0663e+01
F9                  3.7896e-14        5.3592e-14        0.0000e+00        0.0000e+00        1.1369e-13
F10                 6.7300e+02        2.4400e+02        6.2386e+02        1.9454e+02        1.3228e+03
F11                 6.9685e+00        1.1027e+01        3.1618e+00        4.5912e-02        7.1683e+01
F12                 4.0378e+04        5.8896e+04        3.9359e+04        2.0290e+03        4.0652e+05
F13                 1.4257e+03        1.8872e+03        1.0126e+03        2.0688e+02        1.3415e+04
F14                 1.1154e+02        1.4522e+02        7.6296e+01        1.5419e+01        1.0159e+03
F15                 1.2341e+03        1.9524e+03        2.9718e+02        8.9901e+00        9.1470e+03
F16                 2.3134e+01        1.8436e+01        1.7198e+01        1.3500e+00        7.4310e+01
F17                 4.0734e+01        1.3912e+01        4.0423e+01        2.4949e+00        7.6823e+01
F18                 1.0641e+04        9.4151e+03        5.8930e+03        3.3215e+02        3.6104e+04
F19                 1.9029e+03        5.7675e+03        3.3426e+02        5.0737e+00        2.9937e+04
F20                 2.3486e+01        1.0684e+01        2.4292e+01        3.1217e-01        4.3004e+01
F21                 2.0763e+02        3.8478e+01        2.2038e+02        1.0000e+02        2.3883e+02
F22                 9.8913e+01        1.2360e+01        1.0059e+02        1.1563e+01        1.0183e+02
F23                 3.1969e+02        6.3457e+00        3.1684e+02        3.1193e+02        3.4758e+02
F24                 3.5007e+02        3.6176e+01        3.5504e+02        1.0000e+02        3.7589e+02
F25                 4.2294e+02        2.3629e+01        4.1043e+02        3.9804e+02        4.5186e+02
F26                 5.0741e+02        3.1191e+02        3.9299e+02        3.0000e+02        1.4122e+03
F27                 3.9403e+02        3.1675e+00        3.9365e+02        3.8931e+02        4.0482e+02
F28                 5.0347e+02        1.0594e+02        5.0925e+02        3.0000e+02        7.8809e+02
F29                 2.6065e+02        2.2020e+01        2.5510e+02        2.3551e+02        3.3935e+02
F30                 2.7251e+05        3.5328e+05        2.8586e+04        1.2381e+03        1.2488e+06
--------------------------------------------------------------------------------------------------------------------------------------------

OVERALL STATISTICS:
Average Mean Error: 5.9114e+04
============================================================================================================================================
