
============================================================================================================================================
TABLE: CALCULATION ACCURACY - HCLPSO-DC (D=10)
Population: N=40 | Runs: 51 | MaxFE: 100000 | εtol: 5.000000%
============================================================================================================================================
Function                  Mean               Std            Median              Best             Worst
--------------------------------------------------------------------------------------------------------------------------------------------
F1                  1.3844e+06        9.7119e+06        1.2530e+04        1.5959e+03        7.0058e+07
F3                  1.9839e-12        5.6722e-12        6.8212e-13        1.1369e-13        4.0814e-11
F4                  8.1273e+00        1.9287e+01        7.8330e-01        4.4619e-01        6.9961e+01
F5                  1.9542e+01        6.6544e+00        1.8929e+01        5.9698e+00        3.3113e+01
F6                  2.8218e-02        1.6762e-01        3.4654e-07        6.4548e-08        1.1876e+00
F7                  2.6490e+01        8.5462e+00        2.4821e+01        1.3050e+01        5.2006e+01
F8                  1.8631e+01        7.6061e+00        1.7909e+01        5.9697e+00        4.3109e+01
F9                  1.7164e-13        1.1779e-13        1.1369e-13        0.0000e+00        5.6843e-13
F10                 7.6127e+02        1.8737e+02        7.4359e+02        4.3411e+02        1.1313e+03
F11                 4.9404e+00        4.8822e+00        4.0566e+00        1.1541e-01        3.2132e+01
F12                 5.0730e+04        1.6971e+04        5.7409e+04        2.4159e+03        6.1328e+04
F13                 1.5188e+03        1.1517e+03        1.0504e+03        2.3505e+02        6.6611e+03
F14                 1.5989e+03        2.4850e+03        6.8887e+02        4.6786e+01        1.2084e+04
F15                 5.8498e+03        6.5143e+03        3.2409e+03        2.1502e+01        2.5183e+04
F16                 3.7518e+01        4.5690e+01        1.7205e+01        1.7159e+00        1.8631e+02
F17                 4.1345e+01        1.1216e+01        4.1594e+01        3.9602e+00        6.0555e+01
F18                 6.3137e+03        4.2489e+03        5.0790e+03        4.4676e+02        2.8587e+04
F19                 3.8530e+02        2.7051e+02        3.6611e+02        1.0188e+01        7.8180e+02
F20                 2.5823e+01        9.9649e+00        2.4318e+01        2.6143e+00        6.8925e+01
F21                 1.0318e+02        8.0732e-01        1.0308e+02        1.0000e+02        1.0559e+02
F22                 1.0100e+02        6.6257e-01        1.0093e+02        1.0000e+02        1.0401e+02
F23                 3.1819e+02        3.2336e+00        3.1691e+02        3.1358e+02        3.2782e+02
F24                 3.5923e+02        6.8694e+00        3.5912e+02        3.4143e+02        3.7562e+02
F25                 4.1395e+02        2.2025e+01        3.9872e+02        3.9808e+02        4.4975e+02
F26                 8.4633e+02        4.6317e+02        4.2170e+02        3.5422e+02        1.4540e+03
F27                 3.9470e+02        2.8878e+00        3.9538e+02        3.8966e+02        3.9968e+02
F28                 5.6046e+02        1.1043e+02        5.8375e+02        3.9684e+02        9.3181e+02
F29                 2.6480e+02        2.6853e+01        2.5468e+02        2.3451e+02        3.5924e+02
F30                 2.8242e+05        6.3717e+05        2.6645e+04        1.5184e+03        4.0024e+06
--------------------------------------------------------------------------------------------------------------------------------------------

OVERALL STATISTICS:
Average Mean Error: 5.9914e+04
============================================================================================================================================
